-0.5207448506056798 0.05125836577717072 0.3329455288160623
0.5976260237694518 -0.7862278120603464 -0.04643459554938812
0.23131438386705952 0.1950791587141491 -0.3858798814485271
0.19900170511008916 0.13865409725349612 0.017694585197444677
0.5110463420941354 -0.64095659471069 -0.11716386136324061
-0.13408022323176913 0.16608428658435437 0.0036472573743723123
0.310458759321277 0.3125656726660855 -0.37867138674180834
0.637071140383694 0.655667201523744 -0.5498806271180688
0.21682740280532398 0.22641313686056114 -0.6504810015354968
0.7238927624720521 -0.3477621761884595 -0.10111837506246603
